[gd_scene load_steps=3 format=3 uid="uid://dik48u8do48jj"]

[ext_resource type="Script" path="res://test.gd" id="1_7eirr"]
[ext_resource type="Script" path="res://camera.gd" id="2_wj42b"]

[node name="Node3D" type="Node3D"]
script = ExtResource("1_7eirr")

[node name="Camera3D" type="Camera3D" parent="."]
transform = Transform3D(1, 0, 0, 0, -0.289032, 0.957319, 0, -0.957319, -0.289032, 200, 200, 0)
script = ExtResource("2_wj42b")

[node name="DirectionalLight3D" type="DirectionalLight3D" parent="."]
transform = Transform3D(0.357821, 0.793412, -0.492404, -0.852869, 0.492404, 0.173648, 0.380236, 0.357821, 0.852868, 0, 0, 0)
light_color = Color(1, 0, 1, 1)

[node name="DirectionalLight3D2" type="DirectionalLight3D" parent="."]
transform = Transform3D(0.298813, -0.575622, -0.761163, 0.917322, 0.393165, 0.0627905, 0.263119, -0.716994, 0.645513, 0, 0, 0)
light_color = Color(0.280086, 1, 0.254727, 1)
